2.173231226826692897e-01
1.541085935930052164e-01
1.394387594219078652e-01
1.313021618065462470e-01
1.258697827692407123e-01
1.217030617066973130e-01
1.184572337150923277e-01
1.158890041161671491e-01
1.135739892002465695e-01
1.117222356302611797e-01
1.102302541090520865e-01
1.087755252946551732e-01
1.074974971623194747e-01
1.063403774500756016e-01
1.053413652788499910e-01
1.043201853905844911e-01
1.034457598275114049e-01
1.025610414741653653e-01
1.018204457453309592e-01
1.011193126125653763e-01
1.003827046233734394e-01
9.980880546430120903e-02
9.925156391418066271e-02
9.862765330774274364e-02
9.809994966665210037e-02
9.762740918558619752e-02
9.714104651953191227e-02
