2.369289120837751172e-01
1.739290147879005433e-01
1.595231018149085578e-01
1.504110077216412600e-01
1.449266483697975449e-01
1.410205275688208859e-01
1.375840756118239250e-01
1.345793230067080237e-01
1.329306208385917509e-01
1.306156025881810845e-01
1.293986179441003470e-01
1.275684250655051422e-01
1.256249698293588901e-01
1.255949951204976822e-01
1.228109438916428486e-01
1.224249665135072607e-01
1.214878509702030096e-01
1.204202556786795053e-01
1.197145923786439026e-01
1.192947071548866866e-01
1.181905389681326968e-01
1.179511574261484508e-01
1.162890276535988032e-01
1.165917594420894932e-01
1.162094310504289407e-01
