2.813311393325602094e-01
2.154009052129816915e-01
1.990724194824903814e-01
1.904480273497410336e-01
1.828617018723290855e-01
1.785241031551224045e-01
1.750216142087645255e-01
1.720926123307685851e-01
1.703203983457944048e-01
1.671993359370593513e-01
1.656016765757927500e-01
1.637092672769250024e-01
1.612314155517052539e-01
1.616844919700731187e-01
1.588362980124896628e-01
1.586242358404037489e-01
1.568239532123570090e-01
1.565202040496951885e-01
1.544921931113040214e-01
1.544600525432234528e-01
1.536640116387505695e-01
