2.546789738497573508e-01
1.895758412035173091e-01
1.726760959732443756e-01
1.641738993753338594e-01
1.579974144355156263e-01
1.526245805887800344e-01
1.491419790517205524e-01
1.467186447286804307e-01
1.436125568797514684e-01
1.421939484843914303e-01
1.401091905646935365e-01
1.376259074593950416e-01
1.367460214954936415e-01
1.352573638797793243e-01
1.341482728436486083e-01
1.330181546441962515e-01
1.318726879816527475e-01
1.301425796080155073e-01
1.293768523149624872e-01
1.292735554327326120e-01
