2.590751795534274038e+00
2.328464807506421153e+00
2.264259042700320190e+00
2.231034428135478809e+00
2.210189817104294185e+00
2.195534540804641388e+00
2.184264499838883378e+00
2.175367364301500572e+00
2.168304477723853818e+00
2.162041766934485132e+00
2.156912847096321251e+00
2.152104933086729677e+00
2.148101780411756589e+00
2.144531971696428840e+00
2.141200519893406540e+00
2.138106865651234756e+00
2.135276216183793707e+00
2.132830622213146565e+00
2.130096683485247944e+00
2.127872382266826623e+00
2.125821514123988898e+00
2.123703555218981354e+00
2.121621572279252188e+00
